latitude=55.855824
longitude=9.846555
